	HM406CO	HM406TI	HM422CO1	HM422TI1
1000570.HMPREF9966_0914	143450000	0	0	0
NLM027_GL0001607	0	0	0	0
T2D-51A_GL0038697	0	0	0	0
DLM016_GL0019203	0	0	0	0
DLM016_GL0080622	0	0	0	0
HM481PCN_combine_revised_C870305_1_gene26536	0	0	0	0
V1.CD3-3-PN_GL0069182	0	0	0	0
1006551.KOX_07995	0	0	0	0
NLM027_GL0059603	0	0	24308000	0
NLM027_GL0013477	0	0	0	0
T2D-132A_GL0001451	0	0	0	0
ED19A_GL0004154	0	0	0	0
MH0204_GL0044515	0	7576600	4627700	0
V1.FI24_GL0141252	0	0	0	0
O2.UC38-0_GL0037065	0	0	0	0
T2D-132A_GL0083231	0	0	0	0
SZEY-40A_GL0066311	0	0	0	0
1006551.KOX_16265	0	45638000	1402100	7586100
1006551.KOX_16960	0	0	0	0
1006551.KOX_17300	0	0	13354000	0
1006551.KOX_17605	0	577880	0	892140
NLM027_GL0027997	0	0	0	0
MH0415_GL0131110	0	8890200	0	10385000
1006551.KOX_23015	0	0	0	0
MH0260_GL0093553	0	0	0	0
MH0179_GL0010115	0	0	0	0
1006551.KOX_25220	0	0	0	0
290338.CKO_00681	0	0	0	0
MH0260_GL0030453	0	0	0	0
SZEY-40A_GL0070746	0	0	0	0
MH0425_GL0144517	0	0	0	0
O2.UC38-0_GL0029569	0	2080600	3165200	1108500
V1.UC21-4_GL0105178	0	0	5086000	0
V1.UC21-4_GL0039870	0	0	0	0
1028307.EAE_02965	0	0	0	0
V1.CD7-0-PN_GL0023030	0	0	0	0
MH0277_GL0012695	0	0	0	0
T2D-132A_GL0094591	0	0	0	0
1028307.EAE_11380	0	0	12386000	0
MH0277_GL0027287	0	0	0	0
DLM028_GL0013213	0	0	0	0
1028307.EAE_16995	0	0	0	0
DOM005_GL0002759	0	0	0	0
T2D-46A_GL0012112	0	0	0	5539900
1033813.ECNA114_1639	0	0	0	0
1033813.ECNA114_2195	0	0	0	0
1033813.ECNA114_2700	0	0	0	0
1033813.ECNA114_2833	0	0	0	0
1033813.ECNA114_3664	0	0	0	0
1033813.ECNA114_3877	0	1890200	1509200	1257100
1033813.ECNA114_3885	0	0	0	0
585054.EFER_3854	0	0	9333100	0
1033813.ECNA114_4071	0	0	0	0
O2.UC11-2_GL0049068	0	0	0	0
1035817.BLNIAS_01965	0	0	0	0
V1.CD40-0_GL0167256	0	0	0	0
1042403.BALAC2494_00726	0	1475900	2354800	0
V1.CD7-0-PN_GL0038362	0	0	0	0
1042803.HUSEC41_11882	0	4183000	0	0
T2D-132A_GL0061766	0	0	0	0
V1.UC21-4_GL0082547	0	0	0	0
V1.CD10-0_GL0024147	0	0	0	0
T2D-132A_GL0012841	0	0	0	0
1045856.EcWSU1_00340	0	0	0	0
DLM016_GL0038610	0	0	0	0
1045856.EcWSU1_00438	8954000	30080000	0	0
T2D-132A_GL0031851	0	0	0	0
V1.UC39-4_GL0100625	8474900	0	0	0
MH0179_GL0061544	0	0	0	0
MH0008_GL0029666	6820700	3661500	19927000	0
MH0179_GL0030127	0	0	0	0
T2D-51A_GL0075926	0	0	0	0
V1.UC21-4_GL0035705	0	0	0	0
T2D-132A_GL0039780	0	0	0	0
1045856.EcWSU1_01600	0	0	0	0
V1.UC21-4_GL0051000	0	0	0	0
1045856.EcWSU1_01757	0	0	0	0
T2D-132A_GL0077934	0	0	0	0
T2D-132A_GL0061251	0	0	8075400	0
V1.UC21-4_GL0108720	45492000	0	0	0
1045856.EcWSU1_02748	0	0	26282000	0
V1.CD3-0-PT_GL0059364	0	0	0	0
MH0425_GL0165547	0	0	0	0
MH0425_GL0162525	0	0	0	0
V1.UC21-4_GL0085674	0	0	0	0
T2D-132A_GL0026244	0	0	0	0
SZEY-40A_GL0030374	0	0	0	0
DLM016_GL0078103	0	0	0	0
SZEY-40A_GL0034006	0	0	0	0
MH0425_GL0105904	0	0	0	0
DOF008_GL0031817	0	0	0	0
1045856.EcWSU1_03704	0	0	0	0
V1.CD3-0-PT_GL0009967	0	0	0	0
V1.UC21-4_GL0154431	0	14575000	0	0
1045856.EcWSU1_04103	0	0	0	0
1045856.EcWSU1_04113	0	0	0	0
1045856.EcWSU1_04117	0	4256700	9922200	0
469613.HMPREF0864_03581	0	0	0	0
V1.UC21-4_GL0124070	0	0	0	0
T2D-132A_GL0067816	0	0	12485000	0
T2D-132A_GL0030099	0	0	0	0
1045856.EcWSU1_04389	0	0	0	0
DLM016_GL0043997	0	0	0	0
N040A_GL0051300	0	0	0	0
NLM027_GL0043542	0	0	0	0
NLM027_GL0043562	0	0	0	0
T2D-108A_GL0193553	14623000	0	3691100	0
1048254.C22711_5070	0	2773300	4236300	0
1048689.ECO55CA74_00965	0	0	0	0
1048689.ECO55CA74_02500	10554000	0	5048800	0
290338.CKO_01159	0	7854700	8252300	0
DLM028_GL0039443	0	0	0	0
1049565.KPN2242_08480	0	0	0	0
1049565.KPN2242_23745	0	0	0	0
1072459.CE10_0608	0	0	4127700	0
1072459.CE10_1668	0	0	0	0
O2.UC38-1_GL0040134	0	0	0	0
585054.EFER_4356	0	0	0	0
155864.Z0479	785870	0	3746600	0
155864.Z3168	0	0	0	0
155864.Z3542	5279500	0	8703700	6430100
155864.Z3797	0	0	5524100	3065200
155864.Z3999	5291100	4025700	15089000	11190000
DLF012_GL0028744	701000	0	0	0
155864.Z4465	0	0	11213000	0
155864.Z4979	0	0	18104000	0
155864.Z5906	0	0	0	0
158256496-stool1_revised_C827773_1_gene124377	0	0	14529000	0
158256496-stool1_revised_C845723_1_gene82637	0	0	24512000	0
158256496-stool1_revised_C876413_1_gene133218	0	0	0	0
O2.UC2-2_GL0016138	0	0	0	0
158256496-stool1_revised_C941179_1_gene102900	0	0	7786900	5497800
MH0230_GL0062960	0	0	2279800	2286900
MH0307_GL0131745	0	0	0	0
T2D-47A_GL0092908	0	0	72872000	0
158256496-stool1_revised_C987893_1_gene145773	0	4732800	3252200	4930900
158256496-stool1_revised_scaffold10079_1_gene152864	0	0	0	0
158256496-stool1_revised_scaffold12175_1_gene142433	0	0	129810000	0
MH0181_GL0064162	0	0	0	0
764447348-stool2_revised_scaffold19626_1_gene122957	0	0	0	0
MH0054_GL0005394	0	0	120480000	9457600
158256496-stool1_revised_scaffold14240_1_gene33389	0	0	0	0
158256496-stool1_revised_scaffold14884_1_gene26432	0	0	86784000	0
158256496-stool1_revised_scaffold15836_1_gene100983	2719400	0	13272000	2703900
MH0337_GL0069717	0	0	0	0
158256496-stool1_revised_scaffold21040_1_gene133525	0	0	0	0
O2.UC48-2_GL0067596	13593000	40991000	118540000	13883000
V1.UC26-0_GL0129544	0	0	0	0
158256496-stool1_revised_scaffold2389_2_gene37574	0	0	0	0
MH0037_GL0041051	0	0	0	0
158256496-stool1_revised_scaffold3723_1_gene87052	0	0	0	0
765094712-stool1_revised_scaffold6132_1_gene63129	0	0	0	0
T2D-135A_GL0002480	0	0	15561000	0
158337416-stool1_revised_C1119272_1_gene167650	0	0	7383300	12660000
158337416-stool1_revised_C1135162_1_gene118023	0	0	2036400	0
MH0270_GL0162951	0	0	0	0
158337416-stool1_revised_C1175150_1_gene18245	0	0	0	0
MH0303_GL0076573	0	0	0	0
O2.UC1-2_GL0079222	0	0	15095000	0
158337416-stool1_revised_C1215510_1_gene185151	0	0	0	0
158337416-stool1_revised_C1218220_1_gene17431	0	0	0	0
158337416-stool1_revised_C1221606_1_gene177543	0	0	0	0
158337416-stool1_revised_C1221962_1_gene143459	0	0	0	0
158337416-stool1_revised_C1231616_1_gene67889	0	0	0	0
N085A_GL0002479	0	0	0	0
V1.FI25_GL0042719	0	0	0	0
158337416-stool1_revised_C1261028_1_gene185699	0	0	4709900	0
158337416-stool1_revised_C1268522_1_gene188807	0	0	0	0
V1.UC26-4_GL0040245	0	0	0	0
158337416-stool1_revised_C1273116_1_gene84467	0	0	0	0
158337416-stool1_revised_C1274042_1_gene15181	0	0	0	0
158337416-stool1_revised_C1274840_1_gene218795	0	0	0	0
158337416-stool1_revised_C1283700_1_gene64690	0	1463800	0	0
158337416-stool1_revised_C1284356_1_gene71344	0	0	4200600	0
158337416-stool1_revised_C1284532_1_gene72407	0	0	0	0
158337416-stool1_revised_C1286012_1_gene120605	0	0	20238000	0
158337416-stool1_revised_scaffold1215_2_gene84369	0	0	0	0
MH0081_GL0070317	7942000	0	0	0
158337416-stool1_revised_scaffold13090_1_gene199625	2920200	0	3073200	0
158337416-stool1_revised_scaffold14232_1_gene97815	0	0	0	0
158337416-stool1_revised_scaffold15550_1_gene221684	0	0	0	0
ED19A_GL0008296	0	0	0	0
MH0153_GL0071546	0	15571000	14200000	27694000
158337416-stool1_revised_scaffold26824_1_gene212050	0	0	0	0
158337416-stool1_revised_scaffold27102_1_gene59749	0	0	0	0
158337416-stool1_revised_scaffold27269_1_gene60588	0	0	0	0
159591683-stool2_revised_C247062_1_gene28031	5359100	0	9322800	0
T2D-6A_GL0185062	0	0	0	0
158337416-stool1_revised_scaffold30134_1_gene126719	0	0	5425000	0
N038A_GL0084844	0	0	0	7858300
158337416-stool1_revised_scaffold6032_1_gene191543	0	0	5797200	0
MH0066_GL0074156	0	4491300	0	0
N032A_GL0027543	0	0	0	0
158337416-stool2_revised_C1005656_1_gene83793	0	0	0	0
158337416-stool2_revised_C1007670_1_gene114007	0	0	0	0
158337416-stool2_revised_C1011846_1_gene163993	0	0	0	0
158337416-stool2_revised_C1011964_1_gene9824	0	0	0	0
158337416-stool2_revised_C1015310_1_gene95189	0	0	0	0
MH0262_GL0164622	0	0	0	0
158337416-stool2_revised_C1020854_1_gene73130	0	0	0	0
158337416-stool2_revised_C1026028_1_gene153029	0	0	0	0
158337416-stool2_revised_C1029824_1_gene55554	0	0	0	0
158337416-stool2_revised_C1030196_1_gene103329	0	0	0	0
158337416-stool2_revised_C1032430_1_gene129141	0	0	0	0
MH0375_GL0085635	0	0	0	0
158337416-stool2_revised_C1035906_1_gene96555	0	0	0	0
158337416-stool2_revised_C1039004_1_gene13571	0	0	0	27356000
158337416-stool2_revised_C1043996_1_gene95905	0	6162200	7603400	0
158337416-stool2_revised_C1044594_1_gene29435	0	0	27143000	0
158337416-stool2_revised_C1045768_1_gene102471	0	0	11826000	0
158337416-stool2_revised_C1046582_1_gene59768	0	0	0	0
MH0203_GL0097041	0	0	0	0
158337416-stool2_revised_C984423_1_gene25374	0	0	0	0
SZEY-26A_GL0014635	0	0	0	0
158337416-stool2_revised_scaffold11826_1_gene15643	0	0	9898200	0
158337416-stool2_revised_scaffold12181_1_gene138773	57428000	4377500	123810000	0
158337416-stool2_revised_scaffold12447_1_gene7248	0	0	14465000	0
V1.UC41-0_GL0039115	0	0	5511100	0
158337416-stool2_revised_scaffold13846_1_gene18690	0	0	0	0
158337416-stool2_revised_scaffold15351_1_gene108035	0	0	2657600	0
O2.UC28-1_GL0036235	0	0	0	0
158337416-stool2_revised_scaffold15774_1_gene128780	0	0	0	0
158337416-stool2_revised_scaffold16676_1_gene161551	3786500	1357900	47224000	2658000
764143897-stool2_revised_scaffold13484_1_gene505	0	0	0	0
T2D-22A_GL0129830	0	0	0	0
V1.UC38-0_GL0140403	0	0	0	0
158337416-stool2_revised_scaffold19814_1_gene163200	0	0	29471000	0
158337416-stool2_revised_scaffold20646_1_gene79540	0	0	0	0
N087A_GL0024594	0	0	0	0
158337416-stool2_revised_scaffold21657_1_gene50811	0	0	2145200	0
MH0036_GL0016269	0	0	4324900	0
SZEY-62A_GL0086079	0	0	0	0
158337416-stool2_revised_scaffold873_1_gene57775	0	0	6400900	0
MH0107_GL0028805	0	32172000	0	1303900
158458797-stool1_revised_C1250692_1_gene56424	0	0	3731900	0
158458797-stool1_revised_C1264586_1_gene32374	0	0	0	0
158458797-stool1_revised_C1267106_1_gene118069	0	0	0	0
MH0083_GL0080210	0	0	0	0
158458797-stool1_revised_C1272520_1_gene10147	0	0	0	23500000
158458797-stool1_revised_C1278098_1_gene83317	0	0	0	0
V1.FI24_GL0046595	0	8839300	3497100	0
158458797-stool1_revised_C1281638_1_gene2292	0	0	0	0
MH0004_GL0021064	0	0	0	0
158458797-stool1_revised_C1314442_1_gene99184	0	0	4600000	0
158458797-stool1_revised_C1330474_1_gene26995	0	0	24851000	0
158458797-stool1_revised_C1338184_1_gene171	0	0	16699000	6436100
158458797-stool1_revised_C1343838_1_gene88264	0	0	0	0
158458797-stool1_revised_C1346548_1_gene43539	0	0	0	0
763597684-stool1_revised_scaffold70359_1_gene147094	25106000	0	0	7459700
MH0139_GL0073671	0	0	0	0
158458797-stool1_revised_scaffold15962_1_gene22175	9993300	0	0	0
158458797-stool1_revised_scaffold16218_1_gene118741	0	5137700	0	0
MH0415_GL0238333	0	7076800	0	0
MH0195_GL0093975	0	0	0	0
O2.UC30-0_GL0070657	0	0	0	0
158458797-stool1_revised_scaffold21247_1_gene100702	0	0	0	0
158458797-stool1_revised_scaffold21309_1_gene105851	0	9213000	0	0
MH0298_GL0109777	0	0	0	0
HM466CO_revised_scaffold66315_1_gene406	0	0	0	0
MH0132_GL0057568	0	0	6085700	0
158458797-stool1_revised_scaffold26240_1_gene107652	0	0	7081500	3413700
MH0376_GL0053858	0	0	0	0
158458797-stool1_revised_scaffold27007_1_gene34752	0	0	0	0
158458797-stool1_revised_scaffold27228_1_gene117999	0	0	0	0
MH0402_GL0193572	0	0	0	0
158458797-stool1_revised_scaffold30164_1_gene21872	0	0	0	0
158458797-stool1_revised_scaffold30312_2_gene78957	0	0	6778400	0
158458797-stool1_revised_scaffold30657_1_gene102151	0	0	0	0
158458797-stool1_revised_scaffold30674_1_gene37621	0	0	0	13220000
MH0376_GL0134597	0	0	30457000	0
MH0130_GL0034776	0	0	0	4763800
158458797-stool1_revised_scaffold31977_2_gene35273	0	0	7702700	0
158458797-stool1_revised_scaffold34578_2_gene116086	0	0	47901000	0
158458797-stool1_revised_scaffold5915_1_gene28910	0	1640600	0	0
V1.CD15-3_GL0024351	0	0	0	0
158458797-stool1_revised_scaffold6211_1_gene17795	0	0	0	0
158458797-stool1_revised_scaffold8844_1_gene69049	0	0	0	0
MH0082_GL0031099	0	0	8606900	0
158479027-stool1_revised_C646292_1_gene130156	0	0	0	0
158479027-stool1_revised_C649714_1_gene2416	9621700	0	0	18080000
NOM023_GL0028657	0	0	9669300	0
158479027-stool1_revised_C665234_1_gene18729	106980	296000	146820	0
158479027-stool1_revised_C678798_1_gene55891	0	0	0	0
158479027-stool1_revised_C682850_1_gene84188	0	0	0	0
158479027-stool1_revised_C696672_1_gene31261	0	0	0	0
158479027-stool1_revised_C708838_1_gene134581	0	0	0	0
V1.FI24_GL0024202	0	0	0	0
158479027-stool1_revised_C723011_1_gene12219	0	9022800	0	0
158479027-stool1_revised_C731281_1_gene150593	0	0	0	3706200
158479027-stool1_revised_C734689_1_gene67246	0	0	0	0
DLF001_GL0011492	0	4208800	18010000	0
158479027-stool1_revised_C759731_1_gene68957	0	0	0	0
158479027-stool1_revised_C760055_1_gene32083	0	0	0	0
158479027-stool1_revised_C760607_1_gene21216	0	0	6826900	0
158479027-stool1_revised_C766059_1_gene21975	0	0	0	0
MH0197_GL0086716	0	0	0	0
158479027-stool1_revised_C767761_1_gene54438	0	0	0	0
158479027-stool1_revised_C769873_1_gene20677	0	0	19293000	3842700
764588959-stool1_revised_scaffold22100_1_gene34754	0	0	0	0
158479027-stool1_revised_scaffold10951_1_gene139899	0	0	8319400	0
158479027-stool1_revised_scaffold12560_1_gene34728	0	0	0	0
158479027-stool1_revised_scaffold12710_1_gene12132	0	0	0	0
158479027-stool1_revised_scaffold12988_1_gene4867	0	0	0	0
MH0262_GL0005971	0	0	0	0
158479027-stool1_revised_scaffold17365_1_gene95647	0	0	0	0
158479027-stool1_revised_scaffold21518_3_gene12290	0	20281000	0	0
158479027-stool1_revised_scaffold21726_1_gene110618	6434500	3504700	2539800	0
T2D-57A_GL0065191	51270000	57851000	0	0
158479027-stool1_revised_scaffold26321_1_gene76171	0	0	0	0
MH0094_GL0058330	0	0	0	0
MH0376_GL0059894	0	0	0	0
158479027-stool1_revised_scaffold29204_2_gene103735	0	0	0	0
158479027-stool1_revised_scaffold29486_1_gene68112	0	0	0	0
158479027-stool1_revised_scaffold29592_1_gene81454	0	0	0	0
V1.CD3-3-PN_GL0003169	0	0	0	0
DOM019_GL0082045	0	0	0	0
158479027-stool1_revised_scaffold30034_1_gene5951	0	0	0	0
764285508-stool1_revised_scaffold6773_1_gene93670	0	0	0	0
158479027-stool1_revised_scaffold3294_1_gene90066	0	0	17273000	0
158479027-stool1_revised_scaffold6858_1_gene87852	7533300	0	283730000	5231800
158499257-stool1_revised_C1267152_1_gene34745	0	0	0	1635600
158499257-stool1_revised_C1291724_1_gene40474	0	0	0	0
158499257-stool1_revised_C1299606_1_gene15776	0	0	0	0
158499257-stool1_revised_C1307491_1_gene174035	0	0	0	0
158499257-stool1_revised_C1360232_1_gene2289	0	0	23540000	0
MH0314_GL0051852	0	0	58552000	50639000
V1.UC25-1_GL0109707	0	0	0	0
158499257-stool1_revised_C1386321_1_gene93171	0	2660700	6196500	0
158499257-stool1_revised_C1402323_1_gene144792	0	0	34567000	0
158499257-stool1_revised_C1405895_1_gene166042	0	0	0	0
159490532-stool2_revised_C652276_1_gene85212	0	2091000	0	0
158499257-stool1_revised_C1414953_1_gene71476	0	141240000	848920	0
O2.UC22-1_GL0012856	0	8255300	0	1643900
158499257-stool1_revised_C1443740_1_gene44212	0	0	0	0
158499257-stool1_revised_C1447524_1_gene90592	0	0	0	0
158499257-stool1_revised_C1450846_1_gene208870	0	0	0	0
158499257-stool1_revised_C1452272_1_gene17646	0	7250200	188020000	14028000
158499257-stool1_revised_scaffold12166_2_gene155084	0	0	0	0
HM483CO_revised_scaffold54208_1_gene103912	0	0	0	0
158499257-stool1_revised_scaffold15502_1_gene231158	0	0	0	0
O2.UC60-0_GL0092705	0	0	0	0
V1.FI30_GL0014487	0	0	0	0
158499257-stool1_revised_scaffold19861_1_gene114795	0	0	0	0
158499257-stool1_revised_scaffold19861_1_gene114796	0	5190800	15475000	19719000
158499257-stool1_revised_scaffold23406_1_gene204016	8248800	0	162150000	5397800
MH0054_GL0030018	0	0	4615400	11578000
158499257-stool1_revised_scaffold25643_1_gene106763	35172000	0	0	0
158499257-stool1_revised_scaffold25751_1_gene53312	0	0	0	0
MH0367_GL0163487	0	0	0	0
158499257-stool1_revised_scaffold27064_1_gene24520	0	10961000	18423000	21861000
N062A_GL0016291	0	0	0	0
MH0239_GL0057243	0	0	12406000	0
158499257-stool1_revised_scaffold29466_1_gene17854	0	0	0	0
158499257-stool1_revised_scaffold31648_1_gene55184	0	6911900	4479500	4590500
158499257-stool2_revised_C1212787_1_gene31799	0	0	0	0
MH0428_GL0197053	0	0	0	0
158499257-stool1_revised_scaffold4322_1_gene59805	0	0	0	0
MH0006_GL0153747	0	0	0	0
V1.CD38-0_GL0163640	0	0	0	0
158499257-stool2_revised_C1129779_1_gene174167	0	106690000	0	0
160400887-stool1_revised_C1424882_1_gene111632	0	0	0	0
158499257-stool2_revised_C1184050_1_gene18061	0	0	0	0
158499257-stool2_revised_C1196898_1_gene83263	0	0	0	0
MH0377_GL0110598	0	0	0	0
T2D-113A_GL0120159	10091000	3196200	0	0
158499257-stool2_revised_C1265956_1_gene145153	0	0	0	0
158499257-stool2_revised_C1266168_1_gene196240	4754100	0	0	0
MH0299_GL0046315	0	0	0	0
158499257-stool2_revised_C1286630_1_gene220838	0	10033000	5704200	4001300
158499257-stool2_revised_C1307875_1_gene26913	0	0	0	0
158499257-stool2_revised_C1316853_1_gene169399	0	0	0	0
158499257-stool2_revised_C1325001_1_gene115353	5610900	0	0	0
158499257-stool2_revised_C1325295_1_gene30786	0	0	0	0
158499257-stool2_revised_scaffold13588_2_gene135086	0	0	2141300	0
158499257-stool2_revised_scaffold14492_1_gene195323	0	0	0	0
158499257-stool2_revised_scaffold15618_1_gene162185	0	0	0	0
158499257-stool2_revised_scaffold20551_1_gene169679	0	0	0	0
158499257-stool2_revised_scaffold23382_1_gene145870	0	10042000	0	0
MH0182_GL0081044	0	0	51003000	0
158499257-stool2_revised_scaffold28693_1_gene182460	0	4761900	0	5075400
MH0341_GL0018147	0	0	0	0
158499257-stool2_revised_scaffold29468_1_gene116275	0	0	0	0
158499257-stool2_revised_scaffold34805_1_gene31999	0	0	0	0
158499257-stool2_revised_scaffold37782_1_gene171722	0	0	115500000	10039000
158499257-stool2_revised_scaffold39606_1_gene107414	0	0	0	0
158499257-stool2_revised_scaffold43628_1_gene145849	0	0	5012300	0
158499257-stool2_revised_scaffold5435_2_gene117002	0	0	35037000	0
MH0422_GL0193201	0	0	0	0
158499257-stool2_revised_scaffold57298_1_gene40844	0	0	39721000	1794500
158499257-stool2_revised_scaffold58089_2_gene90654	0	0	28191000	0
O2.UC3-0_GL0013662	0	0	0	0
158499257-stool2_revised_scaffold62922_1_gene98009	0	0	0	0
158499257-stool2_revised_scaffold63407_1_gene111170	0	0	0	0
158499257-stool2_revised_scaffold6358_1_gene2320	0	0	0	0
159227541-stool2_revised_scaffold28853_1_gene158518	0	0	0	0
MH0142_GL0140595	0	4748800	4626300	5739600
158499257-stool2_revised_scaffold65846_1_gene90836	0	0	10044000	0
158499257-stool2_revised_scaffold66482_1_gene82651	0	0	0	0
158499257-stool2_revised_scaffold66889_1_gene110786	0	39211000	0	36654000
MH0101_GL0051944	0	0	0	0
158499257-stool2_revised_scaffold67068_1_gene83168	0	0	0	0
158499257-stool2_revised_scaffold67395_1_gene40147	0	0	0	0
158499257-stool2_revised_scaffold67679_1_gene167855	0	0	7648000	0
158499257-stool2_revised_scaffold67727_1_gene85513	0	4240100	0	0
158499257-stool2_revised_scaffold67938_1_gene122873	0	0	0	0
158499257-stool2_revised_scaffold68132_2_gene181542	0	0	0	0
158499257-stool2_revised_scaffold68682_1_gene222426	0	0	7754700	0
MH0049_GL0025769	0	0	0	0
158499257-stool2_revised_scaffold70932_1_gene177117	11515000	0	3654600	0
158499257-stool2_revised_scaffold71213_1_gene41595	0	0	0	0
158499257-stool2_revised_scaffold72124_1_gene69189	0	0	0	0
158499257-stool2_revised_scaffold8397_2_gene212508	0	0	0	0
158742018-stool1_revised_C697031_1_gene864	35076000	69991000	27375000	27709000
O2.UC54-2_GL0013299	0	0	0	0
MH0101_GL0082482	0	0	0	0
158742018-stool1_revised_C744863_1_gene45123	0	0	0	0
158742018-stool1_revised_C770219_1_gene42889	0	0	14442000	1831300
158742018-stool1_revised_C770449_1_gene98729	0	0	0	4299800
V1.CD3-3-PN_GL0026125	0	0	0	0
MH0457_GL0056162	0	0	0	0
158742018-stool1_revised_scaffold10026_1_gene56428	0	0	0	0
158742018-stool1_revised_scaffold17184_1_gene50964	0	0	383190000	15333000
158742018-stool1_revised_scaffold18399_2_gene1327	0	0	0	0
MH0309_GL0154839	0	0	9625900	0
MH0366_GL0052436	0	0	0	0
T2D-26A_GL0043715	0	0	0	0
MH0342_GL0148553	0	0	0	0
DLM001_GL0073020	0	0	6474400	0
T2D-51A_GL0068099	0	0	0	0
158742018-stool1_revised_scaffold3712_1_gene67793	0	8983300	2240400	0
158742018-stool1_revised_scaffold5087_1_gene30969	1448900	0	20312000	0
158742018-stool1_revised_scaffold6776_1_gene60177	5227600	0	3457800	0
159551223-stool1_revised_C1016197_1_gene86650	0	0	19837000	0
158802708-stool1_revised_C1004067_1_gene36211	0	0	0	0
158802708-stool1_revised_C919635_1_gene81024	0	0	17869000	0
158802708-stool1_revised_C931303_1_gene117921	0	0	0	0
158802708-stool1_revised_C949119_1_gene2977	0	0	0	0
158802708-stool1_revised_C964283_1_gene17828	0	0	0	0
158802708-stool1_revised_C996479_1_gene86325	0	0	0	0
158802708-stool1_revised_scaffold11606_4_gene23532	0	0	0	0
V1.UC37-0_GL0119103	0	0	0	6115900
158802708-stool1_revised_scaffold16809_1_gene78456	0	1721600	0	1406100
158802708-stool1_revised_scaffold21628_1_gene153395	0	0	0	0
158802708-stool1_revised_scaffold22889_1_gene57452	3877600	0	2046500	0
160400887-stool1_revised_C1446634_1_gene251735	0	0	0	0
158802708-stool1_revised_scaffold26150_1_gene120852	13292000	0	0	0
158802708-stool1_revised_scaffold27445_1_gene119417	0	0	0	0
158802708-stool1_revised_scaffold28171_1_gene122390	0	0	0	0
158802708-stool1_revised_scaffold29030_1_gene30425	0	0	23470000	0
158802708-stool1_revised_scaffold30096_1_gene126237	0	0	4608700	0
158802708-stool1_revised_scaffold31980_1_gene61115	11291000	0	9217500	7304900
158802708-stool1_revised_scaffold34715_1_gene31616	0	0	0	0
158802708-stool1_revised_scaffold35481_1_gene175411	0	0	0	0
158802708-stool1_revised_scaffold36525_1_gene153328	0	0	0	0
MH0268_GL0171021	0	0	0	0
158802708-stool1_revised_scaffold38480_1_gene115966	3039500	7136400	100190000	0
158802708-stool1_revised_scaffold38507_1_gene69655	0	63572000	3664500	0
HM414CO_combine_revised_C1340933_1_gene21119	0	0	11989000	0
158802708-stool1_revised_scaffold9240_1_gene40469	0	0	0	0
158802708-stool2_revised_C1011704_1_gene113802	0	0	0	0
MH0418_GL0037458	5937900	0	18857000	0
158802708-stool2_revised_C1043175_1_gene65425	0	2305800	0	0
HM494TI_revised_scaffold74248_1_gene204035	0	0	0	0
MH0246_GL0000478	0	0	0	0
158802708-stool2_revised_C1076801_1_gene115480	0	0	0	0
158802708-stool2_revised_C949270_1_gene100191	0	0	0	0
158802708-stool2_revised_C991372_1_gene82020	0	0	0	0
763678604-stool2_revised_C1075122_1_gene20010	0	0	4016200	0
T2D-11A_GL0045886	0	0	0	0
158802708-stool2_revised_scaffold10123_1_gene119311	0	0	0	0
158802708-stool2_revised_scaffold10589_1_gene33339	0	0	44376000	0
T2D-22A_GL0054274	0	0	0	0
N038A_GL0042050	0	0	0	0
158802708-stool2_revised_scaffold11813_1_gene174802	0	0	0	0
158802708-stool2_revised_scaffold15780_1_gene50887	0	0	821460	0
159632143-stool1_revised_C874798_1_gene43427	0	0	0	0
160400887-stool1_revised_C1497361_1_gene36459	0	0	10348000	0
158802708-stool2_revised_scaffold18724_1_gene36956	0	5355200	0	0
158802708-stool2_revised_scaffold20180_1_gene158125	0	0	0	0
158802708-stool2_revised_scaffold22821_1_gene170905	0	0	80578000	0
158802708-stool2_revised_scaffold23726_1_gene159164	0	28303000	25364000	0
158802708-stool2_revised_scaffold24672_1_gene175826	0	0	0	0
O2.UC40-0_GL0046989	0	0	0	0
158802708-stool2_revised_scaffold4409_1_gene22386	0	0	0	0
MH0274_GL0091662	0	0	0	0
158883629-stool1_revised_scaffold1496_1_gene18951	0	2088500	9596400	2319800
158883629-stool1_revised_scaffold2909_1_gene11950	0	0	189750000	0
158883629-stool1_revised_scaffold322_2_gene11837	3360500	806350	1580300	2261300
158883629-stool1_revised_scaffold720_1_gene30503	0	8047400	0	0
158924089-stool1_revised_C331919_1_gene9376	0	0	0	0
556261.HMPREF0240_02981	0	0	0	0
158924089-stool1_revised_C368254_1_gene22142	0	0	0	0
T2D-34A_GL0023105	0	0	0	0
158924089-stool1_revised_scaffold10680_1_gene63160	0	0	0	0
MH0187_GL0064758	0	0	0	0
158924089-stool1_revised_scaffold11466_2_gene6899	0	0	0	0
158924089-stool1_revised_scaffold12016_1_gene56879	0	0	0	0
158924089-stool1_revised_scaffold14282_1_gene57655	0	0	0	0
158924089-stool1_revised_scaffold14803_1_gene13726	0	5805400	14858000	0
158924089-stool1_revised_scaffold18_1_gene32839	0	2662100	11732000	15683000
158924089-stool1_revised_scaffold18443_1_gene59059	0	0	0	0
158924089-stool1_revised_scaffold18690_1_gene51100	0	0	12685000	0
158924089-stool1_revised_scaffold19189_1_gene19675	0	0	0	0
158924089-stool1_revised_scaffold4375_1_gene41985	13729000	1903700	23608000	0
158924089-stool1_revised_scaffold7832_1_gene63065	0	0	0	0
MH0101_GL0004818	0	0	0	0
158944319-stool1_revised_C1009363_1_gene11361	0	0	6556500	0
DOF004_GL0075102	0	0	0	0
158944319-stool1_revised_C1037497_1_gene81211	0	0	0	0
MH0342_GL0101661	0	0	0	0
MH0397_GL0082555	0	0	0	0
158944319-stool1_revised_C1049427_1_gene84617	0	0	228470000	0
O2.UC9-0_GL0144398	7253300	0	0	0
158944319-stool1_revised_C1052791_1_gene93788	0	0	0	0
V1.CD38-0_GL0163412	0	0	5439800	0
158944319-stool1_revised_C970985_1_gene52593	0	0	0	0
158944319-stool1_revised_C975547_1_gene19372	2607000	0	2389700	0
BGI-15A_GL0033693	0	0	0	0
158944319-stool1_revised_scaffold14785_1_gene24143	0	0	0	0
MH0054_GL0013106	0	0	0	0
763577454-stool2_revised_C962726_1_gene106886	0	0	0	0
MH0441_GL0138095	5439900	0	5917300	0
158944319-stool1_revised_scaffold26822_1_gene71557	0	0	0	0
158944319-stool1_revised_scaffold28689_1_gene49410	0	0	0	0
158944319-stool1_revised_scaffold28694_1_gene96511	0	0	1447800	0
158944319-stool1_revised_scaffold6832_1_gene81873	0	0	0	0
158944319-stool2_revised_C1429391_1_gene46428	0	0	0	0
158944319-stool2_revised_C1430611_1_gene530	0	0	0	0
764062976-stool1_revised_C1281323_1_gene39525	0	3606000	0	0
158944319-stool2_revised_C1482255_1_gene56025	0	0	0	0
158944319-stool2_revised_scaffold12984_1_gene74022	0	0	0	0
158944319-stool2_revised_scaffold16463_1_gene51462	0	0	0	0
160400887-stool1_revised_scaffold30907_1_gene100840	0	0	0	0
158944319-stool2_revised_scaffold23536_1_gene31801	0	0	0	0
158944319-stool2_revised_scaffold27758_1_gene44368	0	0	4490100	0
MH0188_GL0171016	0	0	0	0
158944319-stool2_revised_scaffold3024_1_gene31168	0	0	0	0
158944319-stool2_revised_scaffold3981_1_gene64637	0	0	0	0
158944319-stool2_revised_scaffold6899_3_gene45061	0	0	0	0
MH0187_GL0027654	0	0	0	0
V1.CD3-0-PN_GL0091567	0	0	0	0
159005010-stool1_revised_C456705_1_gene46542	11902000	0	48258000	2183200
159005010-stool1_revised_C463831_1_gene87170	0	0	0	2511300
159005010-stool1_revised_C467833_1_gene8408	0	0	0	69820000
159005010-stool1_revised_C469127_1_gene74912	10074000	21073000	12832000	6243300
MH0068_GL0034091	0	0	0	0
159005010-stool1_revised_C488127_1_gene29643	19961000	0	0	0
159005010-stool1_revised_scaffold10827_2_gene16144	0	0	0	0
159005010-stool1_revised_scaffold10935_1_gene38158	12965000	7311500	28911000	0
159005010-stool1_revised_scaffold12517_1_gene88879	0	0	0	94077000
MH0333_GL0014264	0	0	0	0
MH0002_GL0017554	9504700	0	0	0
159005010-stool1_revised_scaffold15161_1_gene35037	77047	0	496980	0
V1.UC8-0_GL0007669	0	0	0	0
159005010-stool1_revised_scaffold8673_1_gene78187	5225200	0	0	0
159005010-stool1_revised_scaffold9951_1_gene16693	0	0	0	0
159146620-stool1_revised_C311285_1_gene41727	0	0	0	0
160765029-stool1_revised_C1049914_1_gene109936	0	0	0	0
763860675-stool2_revised_C953897_1_gene75072	0	0	0	0
159146620-stool1_revised_C322155_1_gene10192	3942200	7074600	43513000	1004900
159146620-stool1_revised_scaffold216_1_gene5563	0	0	0	0
159146620-stool1_revised_scaffold350_1_gene37902	0	0	0	0
159146620-stool1_revised_scaffold6588_1_gene34209	0	0	0	0
159146620-stool1_revised_scaffold8760_1_gene8676	0	0	0	0
159146620-stool1_revised_scaffold9107_1_gene15820	0	7266100	2362900	0
DOM005_GL0012564	0	0	0	0
MH0267_GL0121518	8948100	2113200	0	0
159166850-stool1_revised_C1007971_1_gene8336	0	0	0	0
159166850-stool1_revised_C1032873_1_gene65572	0	0	0	0
MH0358_GL0109511	0	0	0	0
159166850-stool1_revised_C1053609_1_gene48185	0	0	0	0
159166850-stool1_revised_C1064781_1_gene26369	5255800	0	0	0
T2D-11A_GL0020089	0	0	0	0
159166850-stool1_revised_C986267_1_gene35329	0	0	2093300	0
159166850-stool1_revised_scaffold10449_1_gene10992	0	0	0	0
159166850-stool1_revised_scaffold12036_2_gene116164	0	0	9652800	0
159166850-stool1_revised_scaffold13048_1_gene64053	0	3181000	2085900	6360100
159166850-stool1_revised_scaffold13517_1_gene18034	0	0	0	0
159166850-stool1_revised_scaffold2018_1_gene130009	0	0	0	0
MH0055_GL0074555	0	0	0	0
159166850-stool1_revised_scaffold22019_1_gene80342	0	0	0	0
V1.UC10-2_GL0164421	0	0	0	0
159166850-stool1_revised_scaffold26981_2_gene95555	0	0	0	0
159166850-stool1_revised_scaffold28117_1_gene109511	845660	619560	752240	174280
HM419CO_revised_scaffold2658_1_gene123613	0	0	0	0
159166850-stool1_revised_scaffold340_1_gene130488	0	0	4375600	0
T2D-135A_GL0014568	0	0	16156000	0
159166850-stool1_revised_scaffold8573_2_gene38121	0	0	10241000	0
159207311-stool1_revised_C1102330_1_gene170063	0	0	0	0
159207311-stool1_revised_C1121130_1_gene56167	15945000	0	12651000	0
MH0174_GL0035388	0	0	0	0
159207311-stool1_revised_C1139048_1_gene21395	0	0	0	0
MH0020_GL0030894	0	0	0	0
MH0019_GL0024039	0	0	3937700	4380700
159207311-stool1_revised_scaffold35941_1_gene172198	0	0	0	0
159207311-stool1_revised_scaffold38879_1_gene25966	2639500	5543100	0	2792300
MH0391_GL0175730	0	0	0	0
159207311-stool2_revised_C1378455_1_gene103731	0	0	0	0
159207311-stool2_revised_C1420856_1_gene57238	11523000	0	3679200	0
159207311-stool2_revised_C1429184_1_gene52267	45665000	8462100	6906800	0
159207311-stool2_revised_C1433448_1_gene39941	0	7901000	28189000	0
O2.UC31-0_GL0048348	0	0	0	0
V1.FI12_GL0205321	0	0	0	0
MH0101_GL0095681	0	0	0	0
159207311-stool2_revised_scaffold17437_1_gene135970	0	0	0	0
159207311-stool2_revised_scaffold26560_1_gene111421	0	0	0	0
159207311-stool2_revised_scaffold27523_3_gene22993	0	0	11955000	5353700
159207311-stool2_revised_scaffold27937_2_gene147442	0	0	0	0
MH0028_GL0058435	0	0	0	0
159207311-stool2_revised_scaffold7363_2_gene40085	543420	106510000	133400000	161020000
159207311-stool2_revised_scaffold7931_2_gene3452	0	0	0	0
MH0176_GL0002002	0	0	0	0
159207311-stool2_revised_scaffold9981_1_gene70133	0	0	0	0
159227541-stool1_revised_C451026_1_gene61428	0	0	0	0
159227541-stool1_revised_C469374_1_gene14596	0	0	0	0
159227541-stool1_revised_C483006_1_gene67570	0	0	0	0
O2.UC30-1_GL0082920	0	0	0	0
159227541-stool1_revised_scaffold11842_1_gene55852	0	0	0	0
159227541-stool1_revised_scaffold12009_1_gene81044	0	0	0	0
DLM005_GL0038757	0	0	0	0
159227541-stool1_revised_scaffold2558_1_gene46405	0	0	0	0
159227541-stool1_revised_scaffold3060_1_gene75561	0	0	0	0
T2D-135A_GL0002807	29986000	27296000	9536300	30772000
159227541-stool1_revised_scaffold5836_2_gene23845	0	12526000	6371200	0
DLM005_GL0067082	0	0	0	0
765701615-stool1_revised_scaffold29116_1_gene208782	0	0	0	0
O2.UC1-2_GL0042223	0	0	0	0
159227541-stool2_revised_C868360_1_gene27008	82377000	93610000	8148700	1341800
MH0212_GL0149453	0	0	0	0
N039A_GL0004047	0	0	0	0
159227541-stool2_revised_C936378_1_gene31542	0	0	0	0
159227541-stool2_revised_scaffold13048_1_gene95547	0	0	0	0
159227541-stool2_revised_scaffold17544_1_gene128807	0	430420000	9176300	4456500
159227541-stool2_revised_scaffold26509_1_gene79822	0	6379100	22091000	12254000
159227541-stool2_revised_scaffold26513_1_gene57574	0	0	0	0
159227541-stool2_revised_scaffold27298_1_gene10201	0	7200800	43113000	17162000
MH0267_GL0134244	33082000	15821000	470940000	5794400
159227541-stool2_revised_scaffold30348_1_2_gene13	0	0	0	0
T2D-135A_GL0116624	0	0	0	0
MH0056_GL0005400	0	0	6419900	0
159227541-stool2_revised_scaffold698_2_gene93992	0	0	0	0
159227541-stool3_revised_C685526_1_gene91584	0	27668000	21969000	3642400
T2D-135A_GL0072402	0	0	3605800	0
MH0373_GL0151425	5090800	0	8470900	3908800
159227541-stool3_revised_C738988_1_gene24400	0	0	12828000	10338000
159227541-stool3_revised_C746076_1_gene40624	0	0	0	0
DLM019_GL0063260	0	0	0	0
159227541-stool3_revised_scaffold14507_1_gene33968	0	0	0	0
159227541-stool3_revised_scaffold4954_1_gene36679	0	0	0	0
159247771-stool1_revised_C644432_1_gene92752	0	0	5615000	0
MH0110_GL0045307	0	0	0	0
N039A_GL0047837	0	0	0	0
159247771-stool1_revised_C694348_1_gene110	0	0	6245300	0
159247771-stool1_revised_C695002_1_gene70227	0	0	0	0
159247771-stool1_revised_C697382_1_gene52942	0	0	0	0
159247771-stool1_revised_C700744_1_gene45087	0	0	0	0
159247771-stool1_revised_scaffold10125_1_gene2193	0	0	0	0
MH0166_GL0052900	0	0	0	0
159247771-stool1_revised_scaffold13760_1_gene99691	0	0	0	0
159247771-stool1_revised_scaffold1449_5_gene26122	0	0	0	0
159247771-stool1_revised_scaffold14992_2_gene92683	0	0	0	0
159247771-stool1_revised_scaffold17378_1_gene32400	0	0	0	0
159247771-stool1_revised_scaffold3107_1_gene60146	0	0	0	0
159247771-stool1_revised_scaffold718_3_gene72089	0	0	11709000	0
159247771-stool2_revised_C419082_1_gene23070	0	0	0	0
404239096-stool1_revised_scaffold3042_1_gene37007	0	0	11780000	0
159247771-stool2_revised_C448297_1_gene49147	0	0	0	0
MH0318_GL0174044	0	0	0	0
159247771-stool2_revised_C457017_1_gene19465	0	0	0	0
DLF013_GL0057133	0	0	0	3188700
159247771-stool2_revised_C469555_1_gene34468	0	0	0	0
HM494TI_revised_scaffold51266_3_gene142814	0	0	4217900	0
159247771-stool2_revised_C474917_1_gene60423	0	0	0	0
MH0015_GL0032493	0	0	0	0
159247771-stool2_revised_scaffold1480_1_gene13496	0	0	0	0
159247771-stool2_revised_scaffold5291_1_gene9697	0	6516100	0	12264000
159247771-stool2_revised_scaffold6557_1_gene10844	0	0	0	0
T2D-118A_GL0073182	0	0	3010300	0
159268001-stool1_revised_C1013735_1_gene50577	137360000	16363000	0	0
159268001-stool1_revised_C1025101_1_gene35952	0	0	0	0
T2D-110A_GL0073957	13483000	0	0	0
159268001-stool1_revised_C1070069_1_gene105861	0	41948000	0	0
159268001-stool1_revised_C1076201_1_gene8360	0	0	0	0
NOF013_GL0023080	0	0	4770900	0
159268001-stool1_revised_C1097967_1_gene2706	0	0	401070000	6341800
159268001-stool1_revised_C1106135_1_gene4442	15108000	23125000	24963000	5829500
159268001-stool1_revised_C1110215_1_gene66250	0	0	0	0
159268001-stool1_revised_C1112805_1_gene1285	0	0	0	0
159268001-stool1_revised_C1117659_1_gene17088	0	0	0	0
V1.FI17_GL0191973	0	315810	15371000	15279000
159268001-stool1_revised_scaffold15517_1_gene5922	0	0	0	0
159268001-stool1_revised_scaffold17489_1_gene138708	0	0	0	0
O2.CD2-0_GL0087603	0	0	0	0
MH0002_GL0030003	0	6739200	10429000	0
159268001-stool1_revised_scaffold2545_1_gene9802	0	0	0	0
MH0386_GL0131000	0	14449000	7275400	5786300
MH0020_GL0004156	0	0	0	2164600
159268001-stool1_revised_scaffold33597_1_gene42866	0	0	0	0
159268001-stool1_revised_scaffold3523_1_gene74219	0	0	0	0
159268001-stool1_revised_scaffold35839_2_gene113845	0	0	24723000	0
MH0039_GL0021896	0	0	0	0
159268001-stool1_revised_scaffold37768_1_gene120425	0	0	0	0
159268001-stool1_revised_scaffold37826_1_gene25218	0	0	0	5678400
159268001-stool1_revised_scaffold38788_1_gene68109	0	13821000	0	0
159268001-stool1_revised_scaffold39368_1_gene158820	0	2443000	5312500	30953000
159268001-stool1_revised_scaffold41030_1_gene101359	0	0	0	0
MH0328_GL0096042	0	0	5403300	0
159268001-stool1_revised_scaffold43251_1_gene146034	15925000	0	24636000	0
159268001-stool1_revised_scaffold45301_1_gene143879	0	0	0	0
159268001-stool1_revised_scaffold46915_1_gene34735	6666600	0	23366000	2000800
T2D-135A_GL0018891	0	0	120460000	6088200
T2D-135A_GL0114506	0	0	0	0
V1.FI30_GL0046792	0	9916700	0	0
159268001-stool2_revised_C732843_1_gene35024	0	3744500	12097000	19043000
T2D-35A_GL0012227	58481000	0	12797000	2727600
159268001-stool2_revised_C778701_1_gene76811	0	0	869370	0
159268001-stool2_revised_C797189_1_gene86998	0	0	0	0
159268001-stool2_revised_scaffold12265_1_gene97097	0	0	16040000	13992000
159268001-stool2_revised_scaffold1608_1_gene43841	0	0	0	0
159268001-stool2_revised_scaffold16191_1_gene108819	0	0	0	0
MH0186_GL0053636	0	0	0	0
159268001-stool2_revised_scaffold17156_1_gene14159	0	0	23667000	850010
159268001-stool2_revised_scaffold17730_1_gene18950	0	0	12555000	0
MH0085_GL0039800	0	0	0	0
159268001-stool2_revised_scaffold25494_1_gene120314	0	0	0	0
159268001-stool2_revised_scaffold26383_1_gene17983	0	0	0	0
159268001-stool2_revised_scaffold28410_1_gene126919	0	0	0	0
159268001-stool2_revised_scaffold29998_1_gene20507	0	0	0	0
159268001-stool2_revised_scaffold31782_1_gene92910	0	0	0	0
159268001-stool2_revised_scaffold32060_1_gene39861	0	0	2627100	3367500
159268001-stool2_revised_scaffold32678_1_gene129528	0	2635100	122870000	164280000
159268001-stool2_revised_scaffold33426_1_gene4767	0	12599000	105260000	64183000
MH0448_GL0214517	0	0	0	0
159268001-stool2_revised_scaffold33645_1_gene143773	0	0	9883000	0
159268001-stool2_revised_scaffold33974_1_gene40016	0	0	11323000	9220700
159268001-stool2_revised_scaffold5422_3_gene80929	0	0	0	0
159268001-stool2_revised_scaffold8699_1_gene9455	0	0	3904700	0
159369152-stool1_revised_C207181_1_gene30381	0	0	0	0
159369152-stool1_revised_C218669_1_gene6717	0	0	0	0
159369152-stool1_revised_C233733_1_gene25239	0	0	0	0
159369152-stool1_revised_C239231_1_gene6461	7190100	0	73344000	1756900
159369152-stool1_revised_C243747_1_gene32708	0	0	5101800	0
159369152-stool1_revised_scaffold12541_1_gene27406	0	0	168630000	0
159369152-stool1_revised_scaffold12892_1_gene45558	0	0	5644400	0
MH0101_GL0055903	0	3655500	9173700	0
HM438CO_revised_scaffold34906_2_gene28711	0	0	0	0
MH0395_GL0089174	0	0	0	0
159369152-stool1_revised_scaffold4241_3_gene41771	0	3219800	0	7138900
159369152-stool1_revised_scaffold703_2_gene23961	0	0	0	0
159369152-stool1_revised_scaffold813_1_gene20042	0	0	0	0
159369152-stool1_revised_scaffold8431_1_gene31430	0	0	0	0
MH0274_GL0158096	0	0	5417500	738670
T2D-48A_GL0053230	0	0	0	0
MH0101_GL0039772	0	0	0	0
O2.UC7-0_GL0094419	0	4515900	23379000	0
159369152-stool2_revised_scaffold10192_1_gene1461	0	23054000	0	0
159369152-stool2_revised_scaffold10625_2_gene21790	0	0	0	0
159369152-stool2_revised_scaffold11275_1_gene20059	0	21484000	10457000	8706700
MH0110_GL0042533	0	7427400	0	5435000
159369152-stool2_revised_scaffold12981_2_gene23214	0	0	38811000	0
159369152-stool2_revised_scaffold13100_1_gene1089	0	0	36146000	0
159369152-stool2_revised_scaffold6811_2_gene18211	78578000	0	6128500	5943700
MH0187_GL0105622	0	0	0	0
159490532-stool1_revised_C505316_1_gene13743	0	0	0	0
159490532-stool1_revised_C511594_1_gene35097	0	0	0	0
159490532-stool1_revised_C519250_1_gene7445	0	0	0	0
159490532-stool1_revised_scaffold10207_1_gene75307	0	0	0	0
159490532-stool1_revised_scaffold13698_1_gene21426	0	0	0	0
159490532-stool1_revised_scaffold3356_2_gene89798	0	0	0	0
159490532-stool1_revised_scaffold3614_1_gene14210	0	0	0	0
159490532-stool1_revised_scaffold8888_2_gene50955	2461600	4030000	6985000	0
159490532-stool2_revised_C595344_1_gene83529	0	0	0	0
159490532-stool2_revised_C604702_1_gene2352	0	6358700	0	0
159490532-stool2_revised_C612394_1_gene39828	0	0	0	0
V1.UC50-1_GL0042042	0	0	0	0
159490532-stool2_revised_C629876_1_gene35680	0	0	0	0
764588959-stool1_revised_scaffold38803_1_gene13453	0	0	0	0
159490532-stool2_revised_C639264_1_gene96982	0	0	0	0
159490532-stool2_revised_C640288_1_gene55794	0	0	4222900	0
159490532-stool2_revised_C664880_1_gene104490	0	0	0	0
159490532-stool2_revised_scaffold1239_2_gene100413	0	0	0	0
MH0375_GL0106930	0	0	0	0
159490532-stool2_revised_scaffold14804_2_gene27793	2057500	2574600	25558000	7999300
159490532-stool2_revised_scaffold16623_1_gene37871	0	26105000	0	0
159490532-stool2_revised_scaffold1844_1_gene33590	0	0	0	0
159490532-stool2_revised_scaffold3874_1_gene76177	0	487620	620920	0
159490532-stool2_revised_scaffold7904_2_gene9127	0	0	0	0
159490532-stool2_revised_scaffold8707_1_gene13667	0	0	0	0
159510762-stool1_revised_C324038_1_gene40539	0	0	41398000	0
159510762-stool1_revised_C331870_1_gene6774	0	0	0	0
MH0187_GL0132049	0	0	0	0
159510762-stool1_revised_scaffold10726_1_gene147	0	0	0	4064400
159510762-stool1_revised_scaffold11125_1_gene3934	0	0	0	0
159510762-stool2_revised_scaffold13552_1_gene58180	0	0	0	0
159510762-stool2_revised_scaffold18282_1_gene40967	0	0	0	0
MH0170_GL0054488	0	0	0	0
159510762-stool2_revised_scaffold22150_2_gene11360	0	0	0	0
T2D-135A_GL0072428	0	0	6058600	0
159510762-stool2_revised_scaffold7926_2_gene102723	0	0	0	0
159551223-stool1_revised_C1015937_1_gene47584	0	0	23306000	1013400
159551223-stool1_revised_C1025051_1_gene50822	0	0	0	0
159551223-stool1_revised_C1043269_1_gene45631	0	0	0	0
159551223-stool1_revised_C1054481_1_gene53713	0	0	0	0
159551223-stool1_revised_C1058569_1_gene16565	0	0	0	0
159551223-stool1_revised_C1062277_1_gene176446	0	0	26693000	0
159551223-stool1_revised_C1070203_1_gene48769	0	0	0	0
159551223-stool1_revised_C1072789_1_gene114771	0	0	17861000	0
MH0247_GL0097222	0	0	0	0
159551223-stool1_revised_C956513_1_gene9173	0	0	0	0
159551223-stool1_revised_C996733_1_gene16377	0	0	0	0
159551223-stool1_revised_C998263_1_gene78860	0	0	0	0
159551223-stool1_revised_scaffold11560_3_1_gene117472	0	0	24186000	3174900
159551223-stool1_revised_scaffold13444_1_gene178611	0	0	0	0
MH0272_GL0184755	7865900	0	21049000	0
159551223-stool1_revised_scaffold1560_2_gene17594	0	0	0	0
159551223-stool1_revised_scaffold18547_1_gene104513	5092800	2554800	63699000	3124500
159551223-stool1_revised_scaffold22869_1_gene96265	0	0	0	0
159551223-stool1_revised_scaffold24873_1_gene167643	0	0	0	0
O2.UC48-1_GL0127936	0	0	6617200	0
MH0062_GL0025745	0	0	0	0
N066A_GL0104385	0	0	0	0
N051A_GL0031138	0	0	0	0
159551223-stool1_revised_scaffold33491_2_gene19739	0	0	0	0
159551223-stool1_revised_scaffold35601_1_gene96208	8650400	0	8095900	0
160765029-stool1_revised_C1105981_1_gene114916	0	0	0	0
MH0253_GL0106532	0	12137000	14131000	11948000
160400887-stool1_revised_C1382628_1_gene186575	0	0	0	0
159551223-stool1_revised_scaffold39961_1_gene13714	0	0	0	0
T2D-11A_GL0075373	0	0	0	0
159551223-stool1_revised_scaffold42449_1_gene40268	0	0	0	0
T2D-112A_GL0087831	0	0	9752200	0
159551223-stool1_revised_scaffold48187_1_gene88506	0	0	0	0
159551223-stool1_revised_scaffold51075_1_gene125223	0	0	0	0
O2.UC46-1_GL0085994	0	7200600	46702000	0
159551223-stool1_revised_scaffold6772_1_gene160842	0	0	0	0
160158126-stool2_revised_scaffold21660_4_gene84769	0	0	0	0
159551223-stool2_revised_C833433_1_gene136743	0	0	0	0
159551223-stool2_revised_C909903_1_gene47362	0	0	0	0
MH0142_GL0032405	0	0	0	0
159551223-stool2_revised_C933645_1_gene119500	0	0	0	0
159551223-stool2_revised_C942077_1_gene19643	0	0	0	0
159551223-stool2_revised_C959967_1_gene13167	0	0	2083300	1703600
159551223-stool2_revised_C962107_1_gene73173	0	0	0	0
V1.UC26-4_GL0073114	0	0	0	0
159551223-stool2_revised_C967757_1_gene94277	0	0	0	0
159551223-stool2_revised_scaffold26187_1_gene127267	0	0	0	0
MH0266_GL0027014	0	0	0	0
T2D-22A_GL0135451	0	0	0	0
159551223-stool2_revised_scaffold38954_1_gene10976	0	0	0	0
159551223-stool2_revised_scaffold40934_1_gene10315	0	0	0	0
159551223-stool2_revised_scaffold41270_1_gene16557	9582400	0	0	0
159551223-stool2_revised_scaffold46433_1_gene49049	0	0	21054000	0
159551223-stool2_revised_scaffold46565_2_gene70158	0	0	0	2338200
159551223-stool2_revised_scaffold48537_2_gene114530	0	0	0	0
159551223-stool2_revised_scaffold48596_1_gene101500	0	20356000	0	0
159551223-stool2_revised_scaffold49060_1_gene157531	0	0	0	0
159551223-stool2_revised_scaffold49171_1_gene151517	0	0	0	0
159551223-stool2_revised_scaffold49195_1_gene114919	5773500	3805900	7408100	0
159551223-stool2_revised_scaffold5358_6_gene98920	0	0	16658000	0
159551223-stool2_revised_scaffold6581_1_gene32319	3336000	979020	11189000	12411000
159551223-stool2_revised_scaffold6965_1_gene74854	0	0	0	0
159571453-stool1_revised_C629822_1_gene88775	1445500	2688400	0	0
159571453-stool1_revised_C636913_1_gene87562	0	6957500	10434000	2908300
159571453-stool1_revised_C650217_1_gene33677	0	0	0	0
159571453-stool1_revised_C655886_1_gene121815	0	0	0	0
MH0298_GL0031259	0	0	0	0
MH0298_GL0162518	0	0	0	0
159571453-stool1_revised_C674784_1_gene41498	0	4354800	224480000	7332100
159571453-stool1_revised_C677628_1_gene68035	0	0	0	0
159571453-stool1_revised_C683962_1_gene36674	0	0	0	0
159571453-stool1_revised_C688668_1_gene101749	0	0	0	0
159571453-stool1_revised_scaffold7290_1_gene69598	16996000	0	0	6602400
159571453-stool1_revised_C702636_1_gene25919	0	0	5233700	0
159571453-stool1_revised_C705680_1_gene129283	0	0	0	0
159571453-stool1_revised_C726584_1_gene57700	0	0	18972000	0
159571453-stool1_revised_C734554_1_gene70799	23023000	0	230130000	0
159571453-stool1_revised_C736066_1_gene64020	0	5715600	0	9513000
159571453-stool1_revised_C736762_1_gene101654	0	0	0	0
159571453-stool1_revised_C739736_1_gene40099	8942500	0	0	0
T2D-135A_GL0093118	0	0	0	0
159571453-stool1_revised_scaffold11769_2_gene88461	354570	0	0	0
MH0455_GL0008559	0	0	0	0
159571453-stool1_revised_scaffold12420_1_gene47900	0	0	0	0
159571453-stool1_revised_scaffold12645_2_gene17709	0	0	0	0
N084A_GL0012571	0	47042000	0	0
159571453-stool1_revised_scaffold14276_1_gene117069	0	0	5984400	0
159571453-stool1_revised_scaffold14955_1_gene41830	0	0	0	0
NOM023_GL0029340	0	0	0	0
T2D-135A_GL0012947	0	0	0	0
159571453-stool1_revised_scaffold15358_1_gene62457	0	0	0	0
159571453-stool1_revised_scaffold17289_1_gene17470	0	0	0	0
159571453-stool1_revised_scaffold17387_1_gene77999	0	0	5935600	0
159571453-stool1_revised_scaffold19914_2_gene79567	0	0	0	0
N103A_GL0086307	0	0	6435100	2862700
159571453-stool1_revised_scaffold20887_1_gene82828	0	0	0	0
N020A_GL0097059	0	0	5477200	8393300
T2D-102A_GL0026213	0	0	0	0
159571453-stool1_revised_scaffold3331_1_gene124169	0	0	0	0
159571453-stool1_revised_scaffold4542_5_gene101707	0	0	0	6128700
159571453-stool1_revised_scaffold4709_1_gene125033	0	0	0	0
159571453-stool1_revised_scaffold5655_1_gene35184	0	0	0	0
MH0110_GL0064268	0	0	0	0
ED20A_GL0016282	0	0	0	0
159571453-stool1_revised_scaffold7006_1_gene6024	0	0	0	0
159571453-stool1_revised_scaffold7771_1_gene14016	0	0	0	0
NOM023_GL0049392	0	0	5253000	0
MH0041_GL0035472	0	0	0	0
159571453-stool1_revised_scaffold9266_2_gene5398	0	0	0	0
NOM023_GL0027458	0	0	2696000	0
V1.CD43-0_GL0126959	0	0	0	0
159571453-stool2_revised_C1053527_1_gene152527	2728200	0	0	0
159571453-stool2_revised_C1116439_1_gene163819	0	0	0	0
159571453-stool2_revised_C1121653_1_gene169218	0	0	0	0
T2D-48A_GL0091949	0	0	0	0
159571453-stool2_revised_C1174680_1_gene181820	0	0	0	0
159571453-stool2_revised_C1176372_1_gene201855	0	0	0	0
159571453-stool2_revised_C1183916_1_gene218073	0	0	0	0
V1.UC38-4_GL0096306	0	0	0	0
159571453-stool2_revised_C1192836_1_gene119054	589850	0	0	597900
NOM022_GL0013676	0	0	0	0
MH0150_GL0127194	0	0	0	0
O2.UC12-1_GL0094353	13576000	0	0	0
159571453-stool2_revised_scaffold2024_1_gene103624	0	0	6822600	0
MH0176_GL0023309	0	3031700	0	0
MH0398_GL0209714	0	0	0	0
T2D-48A_GL0118677	0	0	0	0
159571453-stool2_revised_scaffold27605_1_gene64090	0	0	3241500	0
MH0068_GL0016264	0	0	0	0
159571453-stool2_revised_scaffold5340_1_gene27604	0	0	6772900	0
MH0384_GL0046035	0	0	0	0
159571453-stool2_revised_scaffold917_1_gene7178	0	0	25439000	0
159591683-stool1_revised_C140795_1_gene14806	0	0	0	0
159591683-stool1_revised_C154872_1_gene24475	0	11818000	0	0
DOM001_GL0021089	0	0	0	0
159591683-stool1_revised_C157410_1_gene10839	0	0	0	0
159591683-stool1_revised_C159272_1_gene4156	0	0	0	0
159591683-stool2_revised_C249566_1_gene40952	8757000	0	6108000	0
159591683-stool2_revised_C253444_1_gene29246	0	0	0	0
159591683-stool2_revised_C274437_1_gene29988	0	0	0	0
159591683-stool2_revised_C275983_1_gene6821	0	0	0	0
BGI-34A_GL0123877	0	0	0	0
159591683-stool2_revised_scaffold8305_1_gene26201	0	0	0	17172000
159591683-stool2_revised_scaffold8989_1_gene21995	0	0	0	0
159591683-stool2_revised_scaffold9879_1_gene8206	16243000	0	0	0
MH0389_GL0180189	0	0	0	0
V1.UC21-0_GL0012861	0	0	0	0
159611913-stool1_revised_C748994_1_gene110675	0	0	0	0
MH0126_GL0034277	0	0	84524000	0
159611913-stool1_revised_C776698_1_gene70461	0	0	0	0
159611913-stool1_revised_C782330_1_gene77760	0	9774800	5732100	10651000
MH0135_GL0101488	0	0	0	0
764042746-stool1_revised_C274143_1_gene39765	0	0	0	0
O2.UC18-0_GL0035877	9513400	0	5677400	0
159611913-stool1_revised_scaffold18860_1_gene47467	0	4665800	7459800	7408100
159611913-stool1_revised_scaffold19516_1_gene78602	0	0	0	0
159611913-stool1_revised_scaffold19661_1_gene85536	6744200	0	0	0
159611913-stool1_revised_scaffold4627_1_gene69704	0	0	0	0
NLM023_GL0082252	0	0	0	0
159611913-stool2_revised_C586663_1_gene67179	0	0	0	0
159611913-stool2_revised_C622913_1_gene45427	0	0	0	0
159611913-stool2_revised_scaffold10392_1_gene89531	0	0	0	0
MH0094_GL0119765	0	0	0	0
159611913-stool2_revised_scaffold1201_1_gene63422	0	0	0	0
MH0055_GL0004600	0	0	0	0
V1.UC57-0_GL0039756	0	0	0	0
159611913-stool2_revised_scaffold3116_1_gene34129	0	0	0	0
MH0267_GL0177582	0	0	0	0
159632143-stool1_revised_C834507_1_gene48016	0	0	0	0
159632143-stool1_revised_C835829_1_gene24305	0	0	4011300	0
MH0316_GL0193124	0	0	0	0
159632143-stool1_revised_C897866_1_gene147379	0	0	0	0
159632143-stool1_revised_C906926_1_gene133121	0	0	0	0
159632143-stool1_revised_C913778_1_gene16946	2139600	0	72858000	3312400
159632143-stool1_revised_C914450_1_gene58419	0	0	0	0
MH0024_GL0040225	0	0	0	0
159632143-stool1_revised_C932366_1_gene146314	0	7195600	4097600	4894800
V1.UC26-4_GL0166145	0	0	0	0
MH0384_GL0005747	0	0	0	0
763982056-stool1_revised_scaffold29384_2_gene80597	0	0	0	0
159632143-stool1_revised_scaffold14318_2_gene146816	0	0	0	0
159632143-stool1_revised_scaffold16469_2_gene130867	0	28413000	74010000	2811900
MH0161_GL0094430	0	0	2913600	0
159632143-stool1_revised_scaffold17735_1_gene1305	0	0	14567000	0
T2D-91A_GL0020898	0	0	0	0
159632143-stool1_revised_scaffold20281_1_gene132376	0	0	9038100	0
159632143-stool1_revised_scaffold2044_1_gene146333	13721000	0	0	0
159632143-stool1_revised_scaffold27956_1_gene63466	0	0	0	0
160765029-stool1_revised_scaffold20574_1_gene123778	0	0	0	0
159632143-stool1_revised_scaffold28562_1_gene1102	0	0	0	0
MH0041_GL0024793	0	0	9075800	1985700
V1.CD6-0-PN_GL0111444	0	0	0	0
V1.CD6-0-PN_GL0154060	0	0	0	0
MH0110_GL0059549	0	0	0	0
159632143-stool1_revised_scaffold37421_1_gene3975	0	0	0	0
MH0002_GL0001650	0	0	0	0
159632143-stool1_revised_scaffold38616_2_gene109029	0	0	3389000	0
159632143-stool1_revised_scaffold43643_1_gene109879	0	0	4571500	0
159632143-stool1_revised_scaffold43886_1_gene115218	0	0	0	0
159632143-stool1_revised_scaffold44877_1_gene17942	0	0	0	0
159632143-stool1_revised_scaffold44910_1_gene66828	0	0	0	0
159632143-stool1_revised_scaffold45173_1_gene67503	24493000	6019700	10973000	9732300
159632143-stool1_revised_scaffold45469_1_gene66347	0	0	20752000	10248000
159632143-stool1_revised_scaffold46680_1_gene92683	0	0	0	0
159632143-stool1_revised_scaffold46686_1_gene4210	0	0	0	0
DOM025_GL0055068	0	27301000	6737700	0
159632143-stool1_revised_scaffold46760_1_gene102984	0	0	0	0
V1.CD6-0-PN_GL0106818	0	0	0	0
159632143-stool1_revised_scaffold8971_1_gene48521	0	0	0	0
159632143-stool1_revised_scaffold9553_3_gene65498	0	8494700	11737000	24203000
159713063-stool1_revised_C510435_1_gene40916	0	0	0	0
159713063-stool1_revised_C526787_1_gene68182	0	0	0	0
159713063-stool1_revised_C537799_1_gene61583	7759200	0	182880000	4100200
435590.BVU_1410	0	0	0	0
159713063-stool1_revised_scaffold1194_1_gene72597	0	0	0	0
159713063-stool1_revised_scaffold1194_1_gene72605	0	0	25789000	721170
NLM021_GL0071451	0	0	0	2338000
159713063-stool1_revised_scaffold2235_1_gene65194	0	0	22432000	0
159713063-stool1_revised_scaffold2298_1_gene14696	0	0	0	0
159713063-stool1_revised_scaffold2694_1_gene33330	0	0	10711000	2274300
MH0113_GL0054052	0	0	0	0
159713063-stool1_revised_scaffold3665_1_gene67153	0	5267600	0	0
159713063-stool1_revised_scaffold4327_1_gene31840	0	0	41651000	0
159713063-stool1_revised_scaffold5764_1_gene49130	9413400	0	0	0
159713063-stool1_revised_scaffold6394_1_gene61211	0	0	0	0
MH0333_GL0014606	0	0	0	0
MH0178_GL0070126	0	0	0	0
159713063-stool1_revised_scaffold819_1_gene21954	0	0	0	0
T2D-113A_GL0099860	0	20420000	0	0
159733294-stool1_revised_C1086234_1_gene76140	0	0	0	0
159733294-stool1_revised_C1087996_1_gene28097	0	0	0	0
T2D-8A_GL0032339	0	0	0	0
159733294-stool1_revised_C1132460_1_gene100000	0	0	11311000	0
159733294-stool1_revised_C1137828_1_gene116406	3595400	5028500	11171000	3468400
159733294-stool1_revised_C1138026_1_gene153081	0	0	0	0
159733294-stool1_revised_C1155152_1_gene73234	0	0	0	0
MH0016_GL0003771	9515200	50021000	7134200	0
159733294-stool1_revised_scaffold14163_1_gene47961	2201300	7169800	0	0
159733294-stool1_revised_scaffold15686_2_gene46099	0	0	0	0
159733294-stool1_revised_scaffold16624_1_gene135590	4124900	0	6519900	0
159733294-stool1_revised_scaffold17699_1_gene62518	2218400	1918000	249340000	1979000
159733294-stool1_revised_scaffold19104_2_gene158696	0	0	0	0
159733294-stool1_revised_scaffold1954_3_gene117153	9767200	0	0	0
MH0204_GL0092369	0	0	0	0
159733294-stool1_revised_scaffold20665_2_gene67235	0	0	0	0
159733294-stool1_revised_scaffold22972_1_gene57937	0	0	0	0
MH0182_GL0026079	0	2337800	839730	0
159733294-stool1_revised_scaffold25163_1_gene51061	0	0	0	0
159733294-stool1_revised_scaffold26287_1_gene109848	0	0	0	0
706846339-stool1_revised_scaffold24551_2_gene53753	0	0	0	0
159753524-stool1_revised_C1026626_1_gene12881	0	0	0	0
159753524-stool1_revised_C1035116_1_gene46248	0	0	0	0
